{
 "cells": [
  {
   "cell_type": "code",
   "execution_count": 8,
   "source": [
    "import numpy as np\n",
    "\n",
    "#load eigenvector information\n",
    "#for the purpose of easy calculation, here we load structure information\n",
    "\n",
    "from ase.io import read\n",
    "atoms=read('data.vasp',format='vasp')\n",
    "\n",
    "#all atom is in central region by definition\n",
    "#here we assume number of ghost shell is 1\n",
    "\n",
    "#construct the list of vector connecting between each atoms\n",
    "\n",
    "masses=atoms.get_masses()\n",
    "natom=len(atoms.positions)"
   ],
   "outputs": [],
   "metadata": {}
  },
  {
   "cell_type": "code",
   "execution_count": 9,
   "source": [
    "with open('gulp.eig','r') as eig:\n",
    "    lines=eig.readlines()\n",
    "    #header: number of atom, atom position, number of k-point, number of modes\n",
    "    ref_natom=int(lines[0])\n",
    "    if natom!=ref_natom:\n",
    "        assert \"number of atom is different\"\n",
    "    ref_nkpoints=int(lines[natom+1])\n",
    "    if ref_nkpoints!=0:\n",
    "        assert \"number of kpoint is not zero\"\n",
    "    ref_nmodes=int(lines[natom+2])\n",
    "    if ref_nmodes!=3*natom:\n",
    "        assert \"number of modes seems strange... format error?\"\n",
    "    \n",
    "    #lines[natom+3] --> Kpoint coord\n",
    "\n",
    "    start=natom+4\n",
    "    mode_block=natom+10\n",
    "    nmodes=3*natom\n",
    "    omega=np.zeros(nmodes)\n",
    "    eigenvector=np.zeros((nmodes,natom,3))\n",
    "\n",
    "    for imode in range(nmodes):\n",
    "        omega[imode]=float(lines[start+1])\n",
    "        eigenv_mode=np.loadtxt(lines[start+2: start+2+natom])\n",
    "        eigenvector[imode]=eigenv_mode\n",
    "\n",
    "        start=start+2+natom "
   ],
   "outputs": [],
   "metadata": {}
  },
  {
   "cell_type": "code",
   "execution_count": 10,
   "source": [
    "omega"
   ],
   "outputs": [
    {
     "output_type": "execute_result",
     "data": {
      "text/plain": [
       "array([-1.40000000e-05, -6.00000000e-06,  1.40000000e-05,  2.21940168e+02,\n",
       "        2.21940168e+02,  2.21940168e+02,  2.21940168e+02,  2.21940168e+02,\n",
       "        2.21940168e+02,  4.29619339e+02,  4.29619339e+02,  4.29619339e+02,\n",
       "        4.29619339e+02,  4.29619339e+02,  4.29619339e+02,  5.16419661e+02,\n",
       "        5.16419661e+02,  5.16419661e+02,  5.16419661e+02,  5.16419661e+02,\n",
       "        5.16419661e+02,  5.89804580e+02,  5.89804580e+02,  5.89804580e+02])"
      ]
     },
     "metadata": {},
     "execution_count": 10
    }
   ],
   "metadata": {}
  },
  {
   "cell_type": "code",
   "execution_count": 11,
   "source": [
    "eigenvector[0]"
   ],
   "outputs": [
    {
     "output_type": "execute_result",
     "data": {
      "text/plain": [
       "array([[-0.0810933 ,  0.34412729,  0.00053464],\n",
       "       [-0.0810933 ,  0.34412729,  0.00053464],\n",
       "       [-0.0810933 ,  0.34412729,  0.00053464],\n",
       "       [-0.0810933 ,  0.34412729,  0.00053464],\n",
       "       [-0.0810933 ,  0.34412729,  0.00053464],\n",
       "       [-0.0810933 ,  0.34412729,  0.00053464],\n",
       "       [-0.0810933 ,  0.34412729,  0.00053464],\n",
       "       [-0.0810933 ,  0.34412729,  0.00053464]])"
      ]
     },
     "metadata": {},
     "execution_count": 11
    }
   ],
   "metadata": {}
  },
  {
   "cell_type": "code",
   "execution_count": 12,
   "source": [
    "eigen_flat=np.reshape(eigenvector,(nmodes, natom*3))"
   ],
   "outputs": [],
   "metadata": {}
  },
  {
   "cell_type": "code",
   "execution_count": 13,
   "source": [
    "eigen_flat[0]"
   ],
   "outputs": [
    {
     "output_type": "execute_result",
     "data": {
      "text/plain": [
       "array([-0.0810933 ,  0.34412729,  0.00053464, -0.0810933 ,  0.34412729,\n",
       "        0.00053464, -0.0810933 ,  0.34412729,  0.00053464, -0.0810933 ,\n",
       "        0.34412729,  0.00053464, -0.0810933 ,  0.34412729,  0.00053464,\n",
       "       -0.0810933 ,  0.34412729,  0.00053464, -0.0810933 ,  0.34412729,\n",
       "        0.00053464, -0.0810933 ,  0.34412729,  0.00053464])"
      ]
     },
     "metadata": {},
     "execution_count": 13
    }
   ],
   "metadata": {}
  },
  {
   "cell_type": "code",
   "execution_count": 14,
   "source": [
    "eigen_flat[1]"
   ],
   "outputs": [
    {
     "output_type": "execute_result",
     "data": {
      "text/plain": [
       "array([0.00939437, 0.0016647 , 0.35342464, 0.00939437, 0.0016647 ,\n",
       "       0.35342464, 0.00939437, 0.0016647 , 0.35342464, 0.00939437,\n",
       "       0.0016647 , 0.35342464, 0.00939437, 0.0016647 , 0.35342464,\n",
       "       0.00939437, 0.0016647 , 0.35342464, 0.00939437, 0.0016647 ,\n",
       "       0.35342464, 0.00939437, 0.0016647 , 0.35342464])"
      ]
     },
     "metadata": {},
     "execution_count": 14
    }
   ],
   "metadata": {}
  },
  {
   "cell_type": "code",
   "execution_count": 15,
   "source": [
    "eigen_flat[3]"
   ],
   "outputs": [
    {
     "output_type": "execute_result",
     "data": {
      "text/plain": [
       "array([ 0.06927493,  0.17493567, -0.21775762, -0.06927493, -0.26847225,\n",
       "       -0.30628705,  0.03593061, -0.17493567,  0.30628705, -0.03593061,\n",
       "        0.26847225,  0.21775762,  0.26596868, -0.24535017,  0.00583448,\n",
       "       -0.26596868, -0.27869449, -0.09937106, -0.17743925,  0.24535017,\n",
       "        0.09937106,  0.17743925,  0.27869449, -0.00583448])"
      ]
     },
     "metadata": {},
     "execution_count": 15
    }
   ],
   "metadata": {}
  },
  {
   "cell_type": "code",
   "execution_count": 16,
   "source": [
    "masses=atoms.get_masses()\n",
    "dist=np.zeros((natom,natom,3))\n",
    "for i in range(natom):\n",
    "    for j in range(natom):\n",
    "        rmin=np.zeros(3)\n",
    "        rij=atoms.get_distance(i,j,vector=True)\n",
    "        rij_mic=atoms.get_distance(i,j,mic=True,vector=True)\n",
    "        if(np.linalg.norm(rij_mic)<np.linalg.norm(rij)):\n",
    "            rmin=rij_mic\n",
    "        else:\n",
    "            rmin=rij\n",
    "        dist[i,j]=rmin"
   ],
   "outputs": [],
   "metadata": {}
  },
  {
   "cell_type": "code",
   "execution_count": 19,
   "source": [
    "with open('FORCE_CONSTANTS_2ND','r') as fc:\n",
    "    lines=fc.readlines()\n",
    "\n",
    "    nlineblock=4\n",
    "    fc_all=np.zeros((natom,natom,3,3))\n",
    "    start=1\n",
    "    for i in range(natom):\n",
    "        for j in range(natom):\n",
    "            fc_block=lines[start+1:start+nlineblock]\n",
    "            fc=np.loadtxt(fc_block)\n",
    "            fc_all[i,j]=fc/np.sqrt(masses[i]*masses[j])\n",
    "            #fc_all[i,j]=fc\n",
    "            start=start+nlineblock"
   ],
   "outputs": [],
   "metadata": {}
  },
  {
   "cell_type": "code",
   "execution_count": 20,
   "source": [
    "Rx=dist[:,:,0]\n",
    "Ry=dist[:,:,1]\n",
    "Rz=dist[:,:,2]"
   ],
   "outputs": [],
   "metadata": {}
  },
  {
   "cell_type": "code",
   "execution_count": 21,
   "source": [
    "Vx=np.zeros((natom,natom,3,3))\n",
    "Vy=np.zeros((natom,natom,3,3))\n",
    "Vz=np.zeros((natom,natom,3,3))\n",
    "\n",
    "for i in range(natom):\n",
    "    for j in range(natom):\n",
    "        Vijx=Rx[i,j]*fc_all[i,j]\n",
    "        Vx[i,j]=Vijx\n",
    "\n",
    "        Vijy=Ry[i,j]*fc_all[i,j]\n",
    "        Vy[i,j]=Vijy\n",
    "\n",
    "        Vijz=Rz[i,j]*fc_all[i,j]\n",
    "        Vz[i,j]=Vijz"
   ],
   "outputs": [],
   "metadata": {}
  },
  {
   "cell_type": "code",
   "execution_count": 23,
   "source": [
    "flatVx=np.reshape(Vx.transpose(0,2,1,3),(24,24))\n",
    "flatVy=np.reshape(Vy.transpose(0,2,1,3),(24,24))\n",
    "flatVz=np.reshape(Vz.transpose(0,2,1,3),(24,24))\n",
    "\n",
    "#check\n",
    "GULP_Vijz=np.loadtxt('Vijz.txt').reshape((24,24))\n",
    "np.sum(flatVz-GULP_Vijz)"
   ],
   "outputs": [
    {
     "output_type": "execute_result",
     "data": {
      "text/plain": [
       "-2.7755575615628914e-17"
      ]
     },
     "metadata": {},
     "execution_count": 23
    }
   ],
   "metadata": {}
  },
  {
   "cell_type": "code",
   "execution_count": 25,
   "source": [
    "eigen_Vx=np.dot(eigen_flat.T,flatVx)\n",
    "eigen_Vx.shape"
   ],
   "outputs": [
    {
     "output_type": "execute_result",
     "data": {
      "text/plain": [
       "(24, 24)"
      ]
     },
     "metadata": {},
     "execution_count": 25
    }
   ],
   "metadata": {}
  },
  {
   "cell_type": "code",
   "execution_count": 26,
   "source": [
    "eigen_Vx_eigen=np.dot(eigen_Vx,eigen_flat)"
   ],
   "outputs": [],
   "metadata": {}
  },
  {
   "cell_type": "code",
   "execution_count": 27,
   "source": [
    "eigen_Vx_eigen"
   ],
   "outputs": [
    {
     "output_type": "execute_result",
     "data": {
      "text/plain": [
       "array([[ 2.20691979e-17,  4.77232313e-02, -2.82750418e-01,\n",
       "        -7.42000105e-02, -2.11864170e-01,  5.46545420e-02,\n",
       "         1.32697046e-01,  5.53751356e-02, -4.61102221e-02,\n",
       "         5.76946485e-02, -1.29700031e-01,  1.15952323e-01,\n",
       "        -6.66648077e-02,  1.77575008e-02, -9.24364189e-02,\n",
       "        -2.92358848e-01,  6.23912307e-02,  9.13589405e-02,\n",
       "        -1.31321578e-01, -1.66925670e-01, -2.08002840e-01,\n",
       "         5.92392452e-02,  4.03840821e-02, -6.84130994e-02],\n",
       "       [-4.77232313e-02, -1.44029610e-17,  9.05039083e-03,\n",
       "         4.44027836e-02,  1.80608847e-01,  8.84190781e-02,\n",
       "        -5.26827608e-02,  3.76744069e-02, -2.97438606e-02,\n",
       "         9.65767060e-02,  1.04202465e-01, -4.78403745e-02,\n",
       "         1.21694082e-01, -4.48574572e-02,  1.71145321e-01,\n",
       "        -1.38262121e-01,  7.82862461e-02,  1.05372853e-01,\n",
       "         1.07896384e-01,  4.20314904e-02,  1.52302716e-01,\n",
       "        -1.31279966e-01,  1.02808612e-01,  1.51805509e-03],\n",
       "       [ 2.82750418e-01, -9.05039083e-03, -1.21953816e-17,\n",
       "         1.86085506e-01, -1.21485500e-01,  4.10173780e-02,\n",
       "        -9.53709426e-03, -1.17902188e-01,  1.06779206e-01,\n",
       "         5.78171101e-02,  5.32478798e-02,  5.34648658e-02,\n",
       "         4.08261995e-02,  1.20889675e-01,  1.30792330e-01,\n",
       "        -3.49800209e-02,  1.86940981e-01,  3.11222272e-03,\n",
       "         1.33900057e-01, -1.02868630e-01, -9.06665359e-02,\n",
       "        -1.42348662e-01,  7.33881327e-02, -2.02618599e-01],\n",
       "       [ 7.42000105e-02, -4.44027836e-02, -1.86085506e-01,\n",
       "        -1.93897710e-17, -1.99541110e-01,  1.00215000e-01,\n",
       "         1.57500573e-01, -3.73361981e-02,  2.33977082e-02,\n",
       "         4.17221152e-02,  2.02140601e-01, -5.64656212e-02,\n",
       "         5.28883459e-02, -5.74402219e-02, -6.79070278e-02,\n",
       "         1.76985023e-01, -1.90295911e-01, -1.14628364e-01,\n",
       "        -8.27003747e-02,  1.36211985e-02,  2.60480651e-02,\n",
       "        -1.20315041e-02,  6.41647213e-02,  1.33221332e-02],\n",
       "       [ 2.11864170e-01, -1.80608847e-01,  1.21485500e-01,\n",
       "         1.99541110e-01, -2.35320047e-17, -3.88160217e-02,\n",
       "        -3.17349387e-02, -4.85960455e-03,  3.18341516e-02,\n",
       "         1.02237465e-01, -1.95341993e-01, -1.29419134e-01,\n",
       "         9.55066869e-02, -7.26881068e-02,  1.02296924e-01,\n",
       "        -1.87651683e-01, -8.34621291e-02,  6.71951063e-02,\n",
       "         7.07481644e-02, -9.87348296e-02,  2.83079370e-02,\n",
       "         1.42130591e-01,  1.30004923e-01,  2.50547845e-01],\n",
       "       [-5.46545420e-02, -8.84190781e-02, -4.10173780e-02,\n",
       "        -1.00215000e-01,  3.88160217e-02, -7.93708259e-18,\n",
       "         1.67642347e-01, -2.08817872e-01,  2.65760255e-02,\n",
       "        -1.11706423e-01,  1.44161099e-01,  1.05707142e-01,\n",
       "        -7.34381707e-02, -1.79624238e-03,  2.73066693e-02,\n",
       "        -3.77598093e-02,  2.01173518e-02,  5.60177325e-02,\n",
       "        -6.34738116e-02,  1.21459882e-01,  2.31364361e-01,\n",
       "         7.53249725e-02,  1.24954349e-01,  6.07249437e-02],\n",
       "       [-1.32697046e-01,  5.26827608e-02,  9.53709426e-03,\n",
       "        -1.57500573e-01,  3.17349387e-02, -1.67642347e-01,\n",
       "        -4.95142300e-20, -1.68888888e-02,  5.24790929e-02,\n",
       "         2.31229048e-01,  4.25696319e-02, -8.36479361e-02,\n",
       "         9.03176030e-02, -9.13386457e-02,  5.24094562e-02,\n",
       "        -3.50251165e-01,  8.70065688e-02,  2.02643033e-01,\n",
       "        -1.46509767e-01,  8.71433500e-02, -1.21766835e-01,\n",
       "        -1.14329067e-01, -6.63048979e-02,  2.03167044e-01],\n",
       "       [-5.53751356e-02, -3.76744069e-02,  1.17902188e-01,\n",
       "         3.73361981e-02,  4.85960455e-03,  2.08817872e-01,\n",
       "         1.68888888e-02,  3.37012518e-18,  1.26959491e-01,\n",
       "        -1.00094852e-01,  6.97358379e-02,  8.97875986e-03,\n",
       "        -2.59475284e-02,  7.65634205e-02, -1.42808481e-01,\n",
       "        -1.15450874e-01,  1.73811401e-01, -2.24479201e-02,\n",
       "        -1.47672224e-01, -7.26973563e-02, -5.22333406e-02,\n",
       "        -1.48739752e-01,  6.73346571e-02,  3.70492033e-01],\n",
       "       [ 4.61102221e-02,  2.97438606e-02, -1.06779206e-01,\n",
       "        -2.33977082e-02, -3.18341516e-02, -2.65760255e-02,\n",
       "        -5.24790929e-02, -1.26959491e-01, -9.48382134e-18,\n",
       "         3.70613984e-02,  3.02713409e-01, -3.45694847e-02,\n",
       "        -7.58464177e-02, -9.06277181e-03,  2.89013092e-01,\n",
       "        -7.86791463e-02,  3.17320156e-01,  4.34851813e-02,\n",
       "        -5.42025703e-02,  2.12574571e-01, -1.05872393e-01,\n",
       "         2.49868239e-01,  4.66108097e-02, -2.92538983e-02],\n",
       "       [-5.76946485e-02, -9.65767060e-02, -5.78171101e-02,\n",
       "        -4.17221152e-02, -1.02237465e-01,  1.11706423e-01,\n",
       "        -2.31229048e-01,  1.00094852e-01, -3.70613984e-02,\n",
       "         6.47732409e-18, -2.73535770e-01,  9.02451359e-03,\n",
       "        -2.10952984e-01, -2.04411332e-02, -6.52493335e-02,\n",
       "         5.94945938e-02,  5.89564803e-02,  8.10394417e-02,\n",
       "         1.63745977e-01, -1.77842316e-02, -1.75340199e-01,\n",
       "         5.96015439e-02,  1.49222449e-02,  1.47784348e-01],\n",
       "       [ 1.29700031e-01, -1.04202465e-01, -5.32478798e-02,\n",
       "        -2.02140601e-01,  1.95341993e-01, -1.44161099e-01,\n",
       "        -4.25696319e-02, -6.97358379e-02, -3.02713409e-01,\n",
       "         2.73535770e-01, -4.80446802e-19, -3.12632398e-02,\n",
       "         1.34595222e-02,  1.14491367e-01, -5.68251209e-02,\n",
       "         3.12532735e-02,  9.88334657e-02, -2.04703498e-01,\n",
       "         9.19494459e-02,  1.35571099e-01,  1.45522979e-01,\n",
       "         5.61826654e-02, -6.27144104e-04, -3.52474167e-03],\n",
       "       [-1.15952323e-01,  4.78403745e-02, -5.34648658e-02,\n",
       "         5.64656212e-02,  1.29419134e-01, -1.05707142e-01,\n",
       "         8.36479361e-02, -8.97875986e-03,  3.45694847e-02,\n",
       "        -9.02451359e-03,  3.12632398e-02, -1.05479238e-17,\n",
       "        -7.53402448e-02,  2.65968367e-02,  8.26056429e-02,\n",
       "         1.57499595e-01, -2.15668203e-01,  1.26055507e-01,\n",
       "        -3.19643645e-02,  3.68041566e-02, -2.40404712e-01,\n",
       "        -8.53575008e-02, -4.61023875e-02,  1.49594958e-01],\n",
       "       [ 6.66648077e-02, -1.21694082e-01, -4.08261995e-02,\n",
       "        -5.28883459e-02, -9.55066869e-02,  7.34381707e-02,\n",
       "        -9.03176030e-02,  2.59475284e-02,  7.58464177e-02,\n",
       "         2.10952984e-01, -1.34595222e-02,  7.53402448e-02,\n",
       "         6.12114638e-18, -1.35970218e-01,  8.54846002e-02,\n",
       "        -1.09249888e-01,  1.32391229e-01,  1.29234937e-01,\n",
       "         1.56267756e-01,  1.32812358e-02,  1.80971557e-01,\n",
       "        -2.33113024e-01,  2.15640209e-02, -8.49989091e-02],\n",
       "       [-1.77575008e-02,  4.48574572e-02, -1.20889675e-01,\n",
       "         5.74402219e-02,  7.26881068e-02,  1.79624238e-03,\n",
       "         9.13386457e-02, -7.65634205e-02,  9.06277181e-03,\n",
       "         2.04411332e-02, -1.14491367e-01, -2.65968367e-02,\n",
       "         1.35970218e-01, -1.07711580e-17, -1.00168426e-01,\n",
       "        -1.50648988e-01, -8.02034000e-02, -1.79776993e-01,\n",
       "        -1.60777838e-01,  3.10040521e-01, -7.77876154e-02,\n",
       "        -1.39739650e-02, -7.40363336e-02, -6.48944146e-02],\n",
       "       [ 9.24364189e-02, -1.71145321e-01, -1.30792330e-01,\n",
       "         6.79070278e-02, -1.02296924e-01, -2.73066693e-02,\n",
       "        -5.24094562e-02,  1.42808481e-01, -2.89013092e-01,\n",
       "         6.52493335e-02,  5.68251209e-02, -8.26056429e-02,\n",
       "        -8.54846002e-02,  1.00168426e-01, -2.56176735e-18,\n",
       "         1.36043066e-01, -1.04073795e-01,  1.00867887e-01,\n",
       "         6.87978306e-02,  1.60308648e-02,  1.06069301e-02,\n",
       "        -9.41472101e-02, -6.57619670e-02,  5.93064141e-02],\n",
       "       [ 2.92358848e-01,  1.38262121e-01,  3.49800209e-02,\n",
       "        -1.76985023e-01,  1.87651683e-01,  3.77598093e-02,\n",
       "         3.50251165e-01,  1.15450874e-01,  7.86791463e-02,\n",
       "        -5.94945938e-02, -3.12532735e-02, -1.57499595e-01,\n",
       "         1.09249888e-01,  1.50648988e-01, -1.36043066e-01,\n",
       "         1.14418889e-17,  6.37321706e-02,  2.30585400e-01,\n",
       "        -2.75080160e-03, -1.43219140e-01,  6.77298770e-02,\n",
       "         6.50590387e-03,  1.74761320e-01, -1.78277709e-01],\n",
       "       [-6.23912307e-02, -7.82862461e-02, -1.86940981e-01,\n",
       "         1.90295911e-01,  8.34621291e-02, -2.01173518e-02,\n",
       "        -8.70065688e-02, -1.73811401e-01, -3.17320156e-01,\n",
       "        -5.89564803e-02, -9.88334657e-02,  2.15668203e-01,\n",
       "        -1.32391229e-01,  8.02034000e-02,  1.04073795e-01,\n",
       "        -6.37321706e-02, -1.59105935e-17,  3.15860757e-02,\n",
       "        -3.69782960e-02,  1.22452227e-02, -4.54806292e-02,\n",
       "        -1.00489787e-01,  6.20772737e-02, -3.59844093e-02],\n",
       "       [-9.13589405e-02, -1.05372853e-01, -3.11222272e-03,\n",
       "         1.14628364e-01, -6.71951063e-02, -5.60177325e-02,\n",
       "        -2.02643033e-01,  2.24479201e-02, -4.34851813e-02,\n",
       "        -8.10394417e-02,  2.04703498e-01, -1.26055507e-01,\n",
       "        -1.29234937e-01,  1.79776993e-01, -1.00867887e-01,\n",
       "        -2.30585400e-01, -3.15860757e-02, -2.61597099e-17,\n",
       "        -9.02409084e-02, -7.57316096e-02, -2.63328996e-02,\n",
       "         4.05585817e-03, -1.07839587e-01, -1.17695967e-01],\n",
       "       [ 1.31321578e-01, -1.07896384e-01, -1.33900057e-01,\n",
       "         8.27003747e-02, -7.07481644e-02,  6.34738116e-02,\n",
       "         1.46509767e-01,  1.47672224e-01,  5.42025703e-02,\n",
       "        -1.63745977e-01, -9.19494459e-02,  3.19643645e-02,\n",
       "        -1.56267756e-01,  1.60777838e-01, -6.87978306e-02,\n",
       "         2.75080160e-03,  3.69782960e-02,  9.02409084e-02,\n",
       "         2.12961971e-17,  3.10382549e-01, -3.64954479e-02,\n",
       "         4.32665391e-03, -1.71505796e-01, -1.58408186e-01],\n",
       "       [ 1.66925670e-01, -4.20314904e-02,  1.02868630e-01,\n",
       "        -1.36211985e-02,  9.87348296e-02, -1.21459882e-01,\n",
       "        -8.71433500e-02,  7.26973563e-02, -2.12574571e-01,\n",
       "         1.77842316e-02, -1.35571099e-01, -3.68041566e-02,\n",
       "        -1.32812358e-02, -3.10040521e-01, -1.60308648e-02,\n",
       "         1.43219140e-01, -1.22452227e-02,  7.57316096e-02,\n",
       "        -3.10382549e-01,  1.92245218e-17,  2.17598017e-01,\n",
       "         1.13968897e-02, -7.66588793e-02, -3.64378986e-02],\n",
       "       [ 2.08002840e-01, -1.52302716e-01,  9.06665359e-02,\n",
       "        -2.60480651e-02, -2.83079370e-02, -2.31364361e-01,\n",
       "         1.21766835e-01,  5.22333406e-02,  1.05872393e-01,\n",
       "         1.75340199e-01, -1.45522979e-01,  2.40404712e-01,\n",
       "        -1.80971557e-01,  7.77876154e-02, -1.06069301e-02,\n",
       "        -6.77298770e-02,  4.54806292e-02,  2.63328996e-02,\n",
       "         3.64954479e-02, -2.17598017e-01, -2.02903103e-18,\n",
       "        -6.05570153e-02, -1.63560183e-01,  1.11536673e-02],\n",
       "       [-5.92392452e-02,  1.31279966e-01,  1.42348662e-01,\n",
       "         1.20315041e-02, -1.42130591e-01, -7.53249725e-02,\n",
       "         1.14329067e-01,  1.48739752e-01, -2.49868239e-01,\n",
       "        -5.96015439e-02, -5.61826654e-02,  8.53575008e-02,\n",
       "         2.33113024e-01,  1.39739650e-02,  9.41472101e-02,\n",
       "        -6.50590387e-03,  1.00489787e-01, -4.05585817e-03,\n",
       "        -4.32665391e-03, -1.13968897e-02,  6.05570153e-02,\n",
       "        -9.44880403e-18, -1.37127385e-01,  1.68739362e-01],\n",
       "       [-4.03840821e-02, -1.02808612e-01, -7.33881327e-02,\n",
       "        -6.41647213e-02, -1.30004923e-01, -1.24954349e-01,\n",
       "         6.63048979e-02, -6.73346571e-02, -4.66108097e-02,\n",
       "        -1.49222449e-02,  6.27144104e-04,  4.61023875e-02,\n",
       "        -2.15640209e-02,  7.40363336e-02,  6.57619670e-02,\n",
       "        -1.74761320e-01, -6.20772737e-02,  1.07839587e-01,\n",
       "         1.71505796e-01,  7.66588793e-02,  1.63560183e-01,\n",
       "         1.37127385e-01, -1.27274938e-18, -1.45832397e-01],\n",
       "       [ 6.84130994e-02, -1.51805509e-03,  2.02618599e-01,\n",
       "        -1.33221332e-02, -2.50547845e-01, -6.07249437e-02,\n",
       "        -2.03167044e-01, -3.70492033e-01,  2.92538983e-02,\n",
       "        -1.47784348e-01,  3.52474167e-03, -1.49594958e-01,\n",
       "         8.49989091e-02,  6.48944146e-02, -5.93064141e-02,\n",
       "         1.78277709e-01,  3.59844093e-02,  1.17695967e-01,\n",
       "         1.58408186e-01,  3.64378986e-02, -1.11536673e-02,\n",
       "        -1.68739362e-01,  1.45832397e-01,  6.45650448e-19]])"
      ]
     },
     "metadata": {},
     "execution_count": 27
    }
   ],
   "metadata": {}
  }
 ],
 "metadata": {
  "orig_nbformat": 4,
  "language_info": {
   "name": "python",
   "version": "3.9.5",
   "mimetype": "text/x-python",
   "codemirror_mode": {
    "name": "ipython",
    "version": 3
   },
   "pygments_lexer": "ipython3",
   "nbconvert_exporter": "python",
   "file_extension": ".py"
  },
  "kernelspec": {
   "name": "python3",
   "display_name": "Python 3.9.5 64-bit ('env_3.9': venv)"
  },
  "interpreter": {
   "hash": "f28014fb09611fa8280d50d19c96de868b70c0c432dcef6642ed055c9deb0d24"
  }
 },
 "nbformat": 4,
 "nbformat_minor": 2
}